tempo 61428
note 0 2 1 76 64
note 3 5 1 76 64
note 9 11 1 76 64
note 15 17 1 72 64
note 18 20 1 76 64
note 24 26 1 79 64
note 48 50 1 72 64
note 57 59 1 67 64
note 66 68 1 64 64
note 75 77 1 69 64
note 81 83 1 71 64
note 87 89 1 70 64
note 90 92 1 69 64
note 96 98 1 67 64
note 100 102 1 76 64
note 104 106 1 79 64
note 108 110 1 81 64
note 114 116 1 77 64
note 117 119 1 79 64
note 123 125 1 76 64
note 129 131 1 72 64
note 132 134 1 74 64
note 135 137 1 71 64
note 144 146 1 72 64
note 153 155 1 67 64
note 162 164 1 64 64
note 171 173 1 69 64
note 177 179 1 71 64
note 183 185 1 70 64
note 186 188 1 69 64